1.00000000e+09   3.06967322e+01   8.97459080e+01
1.04000000e+09   3.19184079e+01   8.97495446e+01
1.08000000e+09   3.31401974e+01   8.97533984e+01
1.12000000e+09   3.43621425e+01   8.97574485e+01
1.16000000e+09   3.55843025e+01   8.97616650e+01
1.20000000e+09   3.68067880e+01   8.97659940e+01
1.24000000e+09   3.80299135e+01   8.97702551e+01
1.28000000e+09   3.92554183e+01   8.97722895e+01
1.32000000e+09   4.04670022e+01   8.97747095e+01
1.36000000e+09   4.16936025e+01   8.97842039e+01
1.40000000e+09   4.29178022e+01   8.97894703e+01
1.44000000e+09   4.41417496e+01   8.97944522e+01
1.48000000e+09   4.53658134e+01   8.97993634e+01
1.52000000e+09   4.65901061e+01   8.98042285e+01
1.56000000e+09   4.78146782e+01   8.98090426e+01
1.60000000e+09   4.90395582e+01   8.98137933e+01
1.64000000e+09   5.02647649e+01   8.98184666e+01
1.68000000e+09   5.14903119e+01   8.98230481e+01
1.72000000e+09   5.27162096e+01   8.98275235e+01
1.76000000e+09   5.39424656e+01   8.98318787e+01
1.80000000e+09   5.51690857e+01   8.98361000e+01
1.84000000e+09   5.63960735e+01   8.98401731e+01
1.88000000e+09   5.76234297e+01   8.98440821e+01
1.92000000e+09   5.88511476e+01   8.98478082e+01
1.96000000e+09   6.00791955e+01   8.98513401e+01
2.00000000e+09   6.13075525e+01   8.98547305e+01
2.04000000e+09   6.25363077e+01   8.98579755e+01
2.08000000e+09   6.37654448e+01   8.98609958e+01
2.12000000e+09   6.49949163e+01   8.98637855e+01
2.16000000e+09   6.62247010e+01   8.98663497e+01
2.20000000e+09   6.74547821e+01   8.98686893e+01
2.24000000e+09   6.86851419e+01   8.98708042e+01
2.28000000e+09   6.99157609e+01   8.98726952e+01
2.32000000e+09   7.11466180e+01   8.98743645e+01
2.36000000e+09   7.23776910e+01   8.98758157e+01
2.40000000e+09   7.36089571e+01   8.98770541e+01
2.44000000e+09   7.48403929e+01   8.98780865e+01
2.48000000e+09   7.60719753e+01   8.98789211e+01
2.52000000e+09   7.73036815e+01   8.98795671e+01
2.56000000e+09   7.85354894e+01   8.98800348e+01
2.60000000e+09   7.97673778e+01   8.98803350e+01
2.64000000e+09   8.09993265e+01   8.98804793e+01
2.68000000e+09   8.22313167e+01   8.98804793e+01
2.72000000e+09   8.34633305e+01   8.98803468e+01
2.76000000e+09   8.46949401e+01   8.98802006e+01
2.80000000e+09   8.59269482e+01   8.98798353e+01
2.84000000e+09   8.71589347e+01   8.98793705e+01
2.88000000e+09   8.83908863e+01   8.98788176e+01
2.92000000e+09   8.96227905e+01   8.98781877e+01
2.96000000e+09   9.08546362e+01   8.98774917e+01
3.00000000e+09   9.20864129e+01   8.98767402e+01
3.04000000e+09   9.33181114e+01   8.98759435e+01
3.08000000e+09   9.45497233e+01   8.98751117e+01
3.12000000e+09   9.57812413e+01   8.98742549e+01
3.16000000e+09   9.70126593e+01   8.98733826e+01
3.20000000e+09   9.82439725e+01   8.98725043e+01
3.24000000e+09   9.94751774e+01   8.98716291e+01
3.28000000e+09   1.00706272e+02   8.98707659e+01
3.32000000e+09   1.01937255e+02   8.98699231e+01
3.36000000e+09   1.03168128e+02   8.98691087e+01
3.40000000e+09   1.04398893e+02   8.98683301e+01
3.44000000e+09   1.05629554e+02   8.98675943e+01
3.48000000e+09   1.06860117e+02   8.98669074e+01
3.52000000e+09   1.08090589e+02   8.98662748e+01
3.56000000e+09   1.09320977e+02   8.98657013e+01
3.60000000e+09   1.10551291e+02   8.98651908e+01
3.64000000e+09   1.11781542e+02   8.98647463e+01
3.68000000e+09   1.13011739e+02   8.98643701e+01
3.72000000e+09   1.14241896e+02   8.98640635e+01
3.76000000e+09   1.15472022e+02   8.98638275e+01
3.80000000e+09   1.16702132e+02   8.98636619e+01
3.84000000e+09   1.17932235e+02   8.98635661e+01
3.88000000e+09   1.19162345e+02   8.98635392e+01
3.92000000e+09   1.20392473e+02   8.98635794e+01
3.96000000e+09   1.21622630e+02   8.98636848e+01
4.00000000e+09   1.22852826e+02   8.98638532e+01
4.04000000e+09   1.24083073e+02   8.98640822e+01
4.08000000e+09   1.25313379e+02   8.98643689e+01
4.12000000e+09   1.26543755e+02   8.98647108e+01
4.16000000e+09   1.27774208e+02   8.98651048e+01
4.20000000e+09   1.29004749e+02   8.98655482e+01
4.24000000e+09   1.30235384e+02   8.98660379e+01
4.28000000e+09   1.31466122e+02   8.98665710e+01
4.32000000e+09   1.32696971e+02   8.98671443e+01
4.36000000e+09   1.33927936e+02   8.98677548e+01
4.40000000e+09   1.35159025e+02   8.98683993e+01
4.44000000e+09   1.36390245e+02   8.98690747e+01
4.48000000e+09   1.37621599e+02   8.98697777e+01
4.52000000e+09   1.38853093e+02   8.98705052e+01
4.56000000e+09   1.40084731e+02   8.98712541e+01
4.60000000e+09   1.41316515e+02   8.98720215e+01
4.64000000e+09   1.42548447e+02   8.98728046e+01
4.68000000e+09   1.43780529e+02   8.98736010e+01
4.72000000e+09   1.45012760e+02   8.98744086e+01
4.76000000e+09   1.46245141e+02   8.98752259e+01
4.80000000e+09   1.47477670e+02   8.98760517e+01
4.84000000e+09   1.48710347e+02   8.98768853e+01
4.88000000e+09   1.49943172e+02   8.98777266e+01
4.92000000e+09   1.51176144e+02   8.98785755e+01
4.96000000e+09   1.52409265e+02   8.98794324e+01
5.00000000e+09   1.53642536e+02   8.98802977e+01
5.04000000e+09   1.54875960e+02   8.98811720e+01
5.08000000e+09   1.56109538e+02   8.98820557e+01
5.12000000e+09   1.57343274e+02   8.98829496e+01
5.16000000e+09   1.58577173e+02   8.98838540e+01
5.20000000e+09   1.59811237e+02   8.98847694e+01
5.24000000e+09   1.61045473e+02   8.98856962e+01
5.28000000e+09   1.62279884e+02   8.98866349e+01
5.32000000e+09   1.63514476e+02   8.98875856e+01
5.36000000e+09   1.64749256e+02   8.98885488e+01
5.40000000e+09   1.65984228e+02   8.98895244e+01
5.44000000e+09   1.67219401e+02   8.98905128e+01
5.48000000e+09   1.68454801e+02   8.98914406e+01
5.52000000e+09   1.69690359e+02   8.98924530e+01
5.56000000e+09   1.70926138e+02   8.98934786e+01
5.60000000e+09   1.72162148e+02   8.98945171e+01
5.64000000e+09   1.73398397e+02   8.98955679e+01
5.68000000e+09   1.74634895e+02   8.98966304e+01
5.72000000e+09   1.75871654e+02   8.98977035e+01
5.76000000e+09   1.77108683e+02   8.98987862e+01
5.80000000e+09   1.78345995e+02   8.98998769e+01
5.84000000e+09   1.79583601e+02   8.99009735e+01
5.88000000e+09   1.80821515e+02   8.99020738e+01
5.92000000e+09   1.82059748e+02   8.99031750e+01
5.96000000e+09   1.83298314e+02   8.99042738e+01
6.00000000e+09   1.84537223e+02   8.99053664e+01
6.04000000e+09   1.85776488e+02   8.99064486e+01
6.08000000e+09   1.87016120e+02   8.99075156e+01
6.12000000e+09   1.88256129e+02   8.99085620e+01
6.16000000e+09   1.89496523e+02   8.99095822e+01
6.20000000e+09   1.90737310e+02   8.99105697e+01
6.24000000e+09   1.91978262e+02   8.99114733e+01
6.28000000e+09   1.93219850e+02   8.99123655e+01
6.32000000e+09   1.94461840e+02   8.99132021e+01
6.36000000e+09   1.95704228e+02   8.99139748e+01
6.40000000e+09   1.96947006e+02   8.99146743e+01
6.44000000e+09   1.98190163e+02   8.99152912e+01
6.48000000e+09   1.99433681e+02   8.99158161e+01
6.52000000e+09   2.00677535e+02   8.99162393e+01
6.56000000e+09   2.01921691e+02   8.99165517e+01
6.60000000e+09   2.03166108e+02   8.99167450e+01
6.64000000e+09   2.04410736e+02   8.99168123e+01
6.68000000e+09   2.05655515e+02   8.99167488e+01
6.72000000e+09   2.06900378e+02   8.99165525e+01
6.76000000e+09   2.08145251e+02   8.99162246e+01
6.80000000e+09   2.09390057e+02   8.99157704e+01
6.84000000e+09   2.10634722e+02   8.99151923e+01
6.88000000e+09   2.11879163e+02   8.99145210e+01
6.92000000e+09   2.13123323e+02   8.99137636e+01
6.96000000e+09   2.14367153e+02   8.99129407e+01
7.00000000e+09   2.15610617e+02   8.99120744e+01
7.04000000e+09   2.16853696e+02   8.99111881e+01
7.08000000e+09   2.18096392e+02   8.99103045e+01
7.12000000e+09   2.19338722e+02   8.99094449e+01
7.16000000e+09   2.20580722e+02   8.99086279e+01
7.20000000e+09   2.21822439e+02   8.99078685e+01
7.24000000e+09   2.23063927e+02   8.99071782e+01
7.28000000e+09   2.24305250e+02   8.99065641e+01
7.32000000e+09   2.25546469e+02   8.99060296e+01
7.36000000e+09   2.26787645e+02   8.99055745e+01
7.40000000e+09   2.28028835e+02   8.99051957e+01
7.44000000e+09   2.29270087e+02   8.99048876e+01
7.48000000e+09   2.30511443e+02   8.99046432e+01
7.52000000e+09   2.31752935e+02   8.99044542e+01
7.56000000e+09   2.32994587e+02   8.99043121e+01
7.60000000e+09   2.34236416e+02   8.99042084e+01
7.64000000e+09   2.35478431e+02   8.99041350e+01
7.68000000e+09   2.36720635e+02   8.99040843e+01
7.72000000e+09   2.37963027e+02   8.99040499e+01
7.76000000e+09   2.39205601e+02   8.99040261e+01
7.80000000e+09   2.40448347e+02   8.99040082e+01
7.84000000e+09   2.41691255e+02   8.99039929e+01
7.88000000e+09   2.42934313e+02   8.99039775e+01
7.92000000e+09   2.44177508e+02   8.99039606e+01
7.96000000e+09   2.45420826e+02   8.99039417e+01
8.00000000e+09   2.46664257e+02   8.99039212e+01
8.04000000e+09   2.47907790e+02   8.99039003e+01
8.08000000e+09   2.49151417e+02   8.99038810e+01
8.12000000e+09   2.50395132e+02   8.99038659e+01
8.16000000e+09   2.51638936e+02   8.99038579e+01
8.20000000e+09   2.52882829e+02   8.99038602e+01
8.24000000e+09   2.54126818e+02   8.99038762e+01
8.28000000e+09   2.55370913e+02   8.99039087e+01
8.32000000e+09   2.56615129e+02   8.99039606e+01
8.36000000e+09   2.57859482e+02   8.99040338e+01
8.40000000e+09   2.59103994e+02   8.99041298e+01
8.44000000e+09   2.60348253e+02   8.99042428e+01
8.48000000e+09   2.61592828e+02   8.99043814e+01
8.52000000e+09   2.62837992e+02   8.99045464e+01
8.56000000e+09   2.64083400e+02   8.99047312e+01
8.60000000e+09   2.65329069e+02   8.99049325e+01
8.64000000e+09   2.66575013e+02   8.99051467e+01
8.68000000e+09   2.67821240e+02   8.99053698e+01
8.72000000e+09   2.69067756e+02   8.99055976e+01
8.76000000e+09   2.70314558e+02   8.99058259e+01
8.80000000e+09   2.71561642e+02   8.99060513e+01
8.84000000e+09   2.72808996e+02   8.99062706e+01
8.88000000e+09   2.74056607e+02   8.99064818e+01
8.92000000e+09   2.75304458e+02   8.99066833e+01
8.96000000e+09   2.76552532e+02   8.99068747e+01
9.00000000e+09   2.77800811e+02   8.99070564e+01
9.04000000e+09   2.79049278e+02   8.99072293e+01
9.08000000e+09   2.80297917e+02   8.99073950e+01
9.12000000e+09   2.81546713e+02   8.99075554e+01
9.16000000e+09   2.82795655e+02   8.99077125e+01
9.20000000e+09   2.84044732e+02   8.99078684e+01
9.24000000e+09   2.85293935e+02   8.99080250e+01
9.28000000e+09   2.86543256e+02   8.99081841e+01
9.32000000e+09   2.87792687e+02   8.99083470e+01
9.36000000e+09   2.89042222e+02   8.99085150e+01
9.40000000e+09   2.90291853e+02   8.99086892e+01
9.44000000e+09   2.91541574e+02   8.99088703e+01
9.48000000e+09   2.92791377e+02   8.99090590e+01
9.52000000e+09   2.94041257e+02   8.99092556e+01
9.56000000e+09   2.95291207e+02   8.99094602e+01
9.60000000e+09   2.96541224e+02   8.99096725e+01
9.64000000e+09   2.97791301e+02   8.99098917e+01
9.68000000e+09   2.99041435e+02   8.99101165e+01
9.72000000e+09   3.00291619e+02   8.99103449e+01
9.76000000e+09   3.01541842e+02   8.99105747e+01
9.80000000e+09   3.02792090e+02   8.99108032e+01
9.84000000e+09   3.04042417e+02   8.99110356e+01
9.88000000e+09   3.05292659e+02   8.99112577e+01
9.92000000e+09   3.06542853e+02   8.99114753e+01
9.96000000e+09   3.07792964e+02   8.99116910e+01
1.00000000e+10   3.09042957e+02   8.99119111e+01
1.00400000e+10   3.10295119e+02   8.99116367e+01
1.00800000e+10   3.11547526e+02   8.99114422e+01
1.01200000e+10   3.12800166e+02   8.99113085e+01
1.01600000e+10   3.14053014e+02   8.99112212e+01
1.02000000e+10   3.15306041e+02   8.99111698e+01
1.02400000e+10   3.16559220e+02   8.99111470e+01
1.02800000e+10   3.17812526e+02   8.99111484e+01
1.03200000e+10   3.19065940e+02   8.99111713e+01
1.03600000e+10   3.20319451e+02   8.99112145e+01
1.04000000e+10   3.21572667e+02   8.99112821e+01
1.04400000e+10   3.22826357e+02   8.99113622e+01
1.04800000e+10   3.24080146e+02   8.99114601e+01
1.05200000e+10   3.25334045e+02   8.99115748e+01
1.05600000e+10   3.26588062e+02   8.99117047e+01
1.06000000e+10   3.27842208e+02   8.99118479e+01
1.06400000e+10   3.29096493e+02   8.99120021e+01
1.06800000e+10   3.30350924e+02   8.99121645e+01
1.07200000e+10   3.31605506e+02   8.99123327e+01
1.07600000e+10   3.32859868e+02   8.99123956e+01
1.08000000e+10   3.34114735e+02   8.99125741e+01
1.08400000e+10   3.35369756e+02   8.99127516e+01
1.08800000e+10   3.36624928e+02   8.99129265e+01
1.09200000e+10   3.37880249e+02   8.99130975e+01
1.09600000e+10   3.39135717e+02   8.99132638e+01
1.10000000e+10   3.40391330e+02   8.99134249e+01
1.10400000e+10   3.41647087e+02   8.99135805e+01
1.10800000e+10   3.42902990e+02   8.99137301e+01
1.11200000e+10   3.44159040e+02   8.99138737e+01
1.11600000e+10   3.45415242e+02   8.99140107e+01
1.12000000e+10   3.46671598e+02   8.99141405e+01
1.12400000e+10   3.47928112e+02   8.99142625e+01
1.12800000e+10   3.49184786e+02   8.99143758e+01
1.13200000e+10   3.50441621e+02   8.99144791e+01
1.13600000e+10   3.51698617e+02   8.99145715e+01
1.14000000e+10   3.52955771e+02   8.99146518e+01
1.14400000e+10   3.54213079e+02   8.99147192e+01
1.14800000e+10   3.55470534e+02   8.99147727e+01
1.15200000e+10   3.56728128e+02   8.99148119e+01
1.15600000e+10   3.57985853e+02   8.99148366e+01
1.16000000e+10   3.59243699e+02   8.99148470e+01
1.16400000e+10   3.60501655e+02   8.99148434e+01
1.16800000e+10   3.61759713e+02   8.99148266e+01
1.17200000e+10   3.63017864e+02   8.99147976e+01
1.17600000e+10   3.64276100e+02   8.99147576e+01
1.18000000e+10   3.65534414e+02   8.99147080e+01
1.18400000e+10   3.66792800e+02   8.99146502e+01
1.18800000e+10   3.68051254e+02   8.99145857e+01
1.19200000e+10   3.69309773e+02   8.99145160e+01
1.19600000e+10   3.70568354e+02   8.99144428e+01
1.20000000e+10   3.71826997e+02   8.99143674e+01
1.20400000e+10   3.73085700e+02   8.99142913e+01
1.20800000e+10   3.74344463e+02   8.99142160e+01
1.21200000e+10   3.75603289e+02   8.99141427e+01
1.21600000e+10   3.76862177e+02   8.99140728e+01
1.22000000e+10   3.78121132e+02   8.99140074e+01
1.22400000e+10   3.79380154e+02   8.99139479e+01
1.22800000e+10   3.80639250e+02   8.99138954e+01
1.23200000e+10   3.81898422e+02   8.99138509e+01
1.23600000e+10   3.83157678e+02   8.99138154e+01
1.24000000e+10   3.84417022e+02   8.99137899e+01
1.24400000e+10   3.85676464e+02   8.99137750e+01
1.24800000e+10   3.86935646e+02   8.99137646e+01
1.25200000e+10   3.88195280e+02   8.99137721e+01
1.25600000e+10   3.89455036e+02   8.99137915e+01
1.26000000e+10   3.90714926e+02   8.99138228e+01
1.26400000e+10   3.91974959e+02   8.99138658e+01
1.26800000e+10   3.93235146e+02   8.99139200e+01
1.27200000e+10   3.94495497e+02   8.99139847e+01
1.27600000e+10   3.95756022e+02   8.99140591e+01
1.28000000e+10   3.97016728e+02   8.99141420e+01
1.28400000e+10   3.98277622e+02   8.99142324e+01
1.28800000e+10   3.99538711e+02   8.99143288e+01
1.29200000e+10   4.00799999e+02   8.99144300e+01
1.29600000e+10   4.02061488e+02   8.99145346e+01
1.30000000e+10   4.03323181e+02   8.99146413e+01
1.30400000e+10   4.04585077e+02   8.99147488e+01
1.30800000e+10   4.05847176e+02   8.99148560e+01
1.31200000e+10   4.07109478e+02   8.99149616e+01
1.31600000e+10   4.08371980e+02   8.99150646e+01
1.32000000e+10   4.09634679e+02   8.99151641e+01
1.32400000e+10   4.10897572e+02   8.99152591e+01
1.32800000e+10   4.12160655e+02   8.99153487e+01
1.33200000e+10   4.13423923e+02   8.99154322e+01
1.33600000e+10   4.14687370e+02   8.99155088e+01
1.34000000e+10   4.15950990e+02   8.99155779e+01
1.34400000e+10   4.17214776e+02   8.99156390e+01
1.34800000e+10   4.18478719e+02   8.99156918e+01
1.35200000e+10   4.19742810e+02   8.99157363e+01
1.35600000e+10   4.21007040e+02   8.99157724e+01
1.36000000e+10   4.22271399e+02   8.99158007e+01
1.36400000e+10   4.23535880e+02   8.99158216e+01
1.36800000e+10   4.24800473e+02   8.99158359e+01
1.37200000e+10   4.26065173e+02   8.99158448e+01
1.37600000e+10   4.27329975e+02   8.99158492e+01
1.38000000e+10   4.28594875e+02   8.99158506e+01
1.38400000e+10   4.29859872e+02   8.99158500e+01
1.38800000e+10   4.31124968e+02   8.99158487e+01
1.39200000e+10   4.32390166e+02   8.99158478e+01
1.39600000e+10   4.33655470e+02   8.99158482e+01
1.40000000e+10   4.34920886e+02   8.99158505e+01
1.40400000e+10   4.36186421e+02   8.99158551e+01
1.40800000e+10   4.37452082e+02   8.99158620e+01
1.41200000e+10   4.38717876e+02   8.99158711e+01
1.41600000e+10   4.39983809e+02   8.99158818e+01
1.42000000e+10   4.41249884e+02   8.99158935e+01
1.42400000e+10   4.42516104e+02   8.99159051e+01
1.42800000e+10   4.43782469e+02   8.99159158e+01
1.43200000e+10   4.45048976e+02   8.99159244e+01
1.43600000e+10   4.46315618e+02   8.99159301e+01
1.44000000e+10   4.47582388e+02   8.99159322e+01
1.44400000e+10   4.48849275e+02   8.99159301e+01
1.44800000e+10   4.50116267e+02   8.99159238e+01
1.45200000e+10   4.51383351e+02   8.99159137e+01
1.45600000e+10   4.52650514e+02   8.99159006e+01
1.46000000e+10   4.53917746e+02   8.99158859e+01
1.46400000e+10   4.55185039e+02   8.99158711e+01
1.46800000e+10   4.56452388e+02   8.99158582e+01
1.47200000e+10   4.57719794e+02   8.99158492e+01
1.47600000e+10   4.58987259e+02   8.99158460e+01
1.48000000e+10   4.60254793e+02   8.99158503e+01
1.48400000e+10   4.61522407e+02   8.99158637e+01
1.48800000e+10   4.62788889e+02   8.99158426e+01
1.49200000e+10   4.64056569e+02   8.99158701e+01
1.49600000e+10   4.65324355e+02   8.99159074e+01
1.50000000e+10   4.66592258e+02   8.99159541e+01
1.50400000e+10   4.67860288e+02   8.99160093e+01
1.50800000e+10   4.69128447e+02   8.99160718e+01
1.51200000e+10   4.70396738e+02   8.99161403e+01
1.51600000e+10   4.71665025e+02   8.99161772e+01
1.52000000e+10   4.72933569e+02   8.99162532e+01
1.52400000e+10   4.74202221e+02   8.99163338e+01
1.52800000e+10   4.75470970e+02   8.99164197e+01
1.53200000e+10   4.76739809e+02   8.99165122e+01
1.53600000e+10   4.78008732e+02   8.99166131e+01
1.54000000e+10   4.79277741e+02   8.99167245e+01
1.54400000e+10   4.80546843e+02   8.99168488e+01
1.54800000e+10   4.81816054e+02   8.99169879e+01
1.55200000e+10   4.83085394e+02   8.99171436e+01
1.55600000e+10   4.84354889e+02   8.99173168e+01
1.56000000e+10   4.85624569e+02   8.99175076e+01
1.56400000e+10   4.86894464e+02   8.99177152e+01
1.56800000e+10   4.88164606e+02   8.99179380e+01
1.57200000e+10   4.89435020e+02   8.99181732e+01
1.57600000e+10   4.90705729e+02   8.99184176e+01
1.58000000e+10   4.91976747e+02   8.99186672e+01
1.58400000e+10   4.93248082e+02   8.99189179e+01
1.58800000e+10   4.94519734e+02   8.99191653e+01
1.59200000e+10   4.95791693e+02   8.99194052e+01
1.59600000e+10   4.97063941e+02   8.99196340e+01
1.60000000e+10   4.98336457e+02   8.99198484e+01
1.60400000e+10   4.99609210e+02   8.99200461e+01
1.60800000e+10   5.00882171e+02   8.99202257e+01
1.61200000e+10   5.02155304e+02   8.99203864e+01
1.61600000e+10   5.03428626e+02   8.99205537e+01
1.62000000e+10   5.04702005e+02   8.99206780e+01
1.62400000e+10   5.05975472e+02   8.99207868e+01
1.62800000e+10   5.07249008e+02   8.99208826e+01
1.63200000e+10   5.08522603e+02   8.99209678e+01
1.63600000e+10   5.09796256e+02   8.99210452e+01
1.64000000e+10   5.11069972e+02   8.99211169e+01
1.64400000e+10   5.12343764e+02   8.99211847e+01
1.64800000e+10   5.13617649e+02   8.99212492e+01
1.65200000e+10   5.14891645e+02   8.99213105e+01
1.65600000e+10   5.16165770e+02   8.99213671e+01
1.66000000e+10   5.17440035e+02   8.99214169e+01
1.66400000e+10   5.18714440e+02   8.99214570e+01
1.66800000e+10   5.19988976e+02   8.99214842e+01
1.67200000e+10   5.21263618e+02   8.99214956e+01
1.67600000e+10   5.22538325e+02   8.99214893e+01
1.68000000e+10   5.23813050e+02   8.99214649e+01
1.68400000e+10   5.25087736e+02   8.99214244e+01
1.68800000e+10   5.26362330e+02   8.99213718e+01
1.69200000e+10   5.27636789e+02   8.99213141e+01
1.69600000e+10   5.28911091e+02   8.99212599e+01
1.70000000e+10   5.30185244e+02   8.99212192e+01
1.70400000e+10   5.31459288e+02   8.99212018e+01
1.70800000e+10   5.32733294e+02   8.99212162e+01
1.71200000e+10   5.34007366e+02   8.99212682e+01
1.71600000e+10   5.35280793e+02   8.99213449e+01
1.72000000e+10   5.36555339e+02   8.99214731e+01
1.72400000e+10   5.37830310e+02   8.99216312e+01
1.72800000e+10   5.39105792e+02   8.99218083e+01
1.73200000e+10   5.40381836e+02   8.99219911e+01
1.73600000e+10   5.41658441e+02   8.99221651e+01
1.74000000e+10   5.42935564e+02   8.99223169e+01
1.74400000e+10   5.44213112e+02   8.99224355e+01
1.74800000e+10   5.45490964e+02   8.99225139e+01
1.75200000e+10   5.46770228e+02   8.99224687e+01
1.75600000e+10   5.48048283e+02   8.99224581e+01
1.76000000e+10   5.49326206e+02   8.99224164e+01
1.76400000e+10   5.50603891e+02   8.99223575e+01
1.76800000e+10   5.51881278e+02   8.99222993e+01
1.77200000e+10   5.53158366e+02   8.99222618e+01
1.77600000e+10   5.54435225e+02   8.99222651e+01
1.78000000e+10   5.55711996e+02   8.99223263e+01
1.78400000e+10   5.56988883e+02   8.99224573e+01
1.78800000e+10   5.58266131e+02   8.99226620e+01
1.79200000e+10   5.59543998e+02   8.99229352e+01
1.79600000e+10   5.60822720e+02   8.99232620e+01
1.80000000e+10   5.62102479e+02   8.99236199e+01
1.80400000e+10   5.63383379e+02   8.99239802e+01
1.80800000e+10   5.64665426e+02   8.99243120e+01
1.81200000e+10   5.65948535e+02   8.99245848e+01
1.81600000e+10   5.67232524e+02   8.99247716e+01
1.82000000e+10   5.68517137e+02   8.99248510e+01
1.82400000e+10   5.69802052e+02   8.99248095e+01
1.82800000e+10   5.71086910e+02   8.99246424e+01
1.83200000e+10   5.72371333e+02   8.99243555e+01
1.83600000e+10   5.73654956e+02   8.99239654e+01
1.84000000e+10   5.74937459e+02   8.99234988e+01
1.84400000e+10   5.76218600e+02   8.99229919e+01
1.84800000e+10   5.77498247e+02   8.99224876e+01
1.85200000e+10   5.78776410e+02   8.99220325e+01
1.85600000e+10   5.80053250e+02   8.99216716e+01
1.86000000e+10   5.81329090e+02   8.99214436e+01
1.86400000e+10   5.82604386e+02   8.99213747e+01
1.86800000e+10   5.83879692e+02   8.99214737e+01
1.87200000e+10   5.85155591e+02   8.99217290e+01
1.87600000e+10   5.86431197e+02   8.99220335e+01
1.88000000e+10   5.87709699e+02   8.99224890e+01
1.88400000e+10   5.88989871e+02   8.99229416e+01
1.88800000e+10   5.90271585e+02   8.99233178e+01
1.89200000e+10   5.91554406e+02   8.99235505e+01
1.89600000e+10   5.92837617e+02   8.99235913e+01
1.90000000e+10   5.94120302e+02   8.99234215e+01
1.90400000e+10   5.95401476e+02   8.99230589e+01
1.90800000e+10   5.96680241e+02   8.99225594e+01
1.91200000e+10   5.97955944e+02   8.99220121e+01
1.91600000e+10   5.99228303e+02   8.99215288e+01
1.92000000e+10   6.00497494e+02   8.99212290e+01
1.92400000e+10   6.01764159e+02   8.99212234e+01
1.92800000e+10   6.03029353e+02   8.99215981e+01
1.93200000e+10   6.04294439e+02   8.99224023e+01
1.93600000e+10   6.05559312e+02   8.99234992e+01
1.94000000e+10   6.06827887e+02   8.99251326e+01
1.94400000e+10   6.08100534e+02   8.99270920e+01
1.94800000e+10   6.09378284e+02   8.99292644e+01
1.95200000e+10   6.10661772e+02   8.99315137e+01
1.95600000e+10   6.11951167e+02   8.99336925e+01
1.96000000e+10   6.13246141e+02   8.99356561e+01
1.96400000e+10   6.14545866e+02   8.99372757e+01
1.96800000e+10   6.15849041e+02   8.99384522e+01
1.97200000e+10   6.17153957e+02   8.99391304e+01
1.97600000e+10   6.18458591e+02   8.99393126e+01
1.98000000e+10   6.19760759e+02   8.99390721e+01
1.98400000e+10   6.21058331e+02   8.99385646e+01
1.98800000e+10   6.22349515e+02   8.99380338e+01
1.99200000e+10   6.23633199e+02   8.99378086e+01
1.99600000e+10   6.24909292e+02   8.99382884e+01
2.00000000e+10   6.26179023e+02   8.99399171e+01
